% W-band pulsed powder ESR spectrum of nitroxide radical.
%
% ilya.kuprov@oerc.ox.ac.uk

function f1500()

%cd /home/elgabart/spinach_1.1.1054
%matlabpool open local 

% Set the simulation parameters
sys.magnet=3.356;
sys.regime='powder';
bas.mode='ESR-1';
sys.tols.grid_rank=101;
  
% Interactions
sys.isotopes={'E','14N','1H','1H','1H','1H','1H','1H','1H','1H','1H','1H'};
inter.zeeman.matrix=cell(12,1);
inter.zeeman.matrix{1,1}=[2.003595 0.0001472 ...
		    -0.001088;0.0006193 2.0047434 0.0002493;-0.0007091 2.8e-05 ...
		    2.0048224];
inter.coupling.matrix=cell(12,12);
inter.coupling.matrix{1,2}= 1e6*[81.7593 -22.7649 13.6418;-22.7649 48.441 ...
		    -7.0731;13.6418 -7.0731 40.7147];  %110.44246
inter.coupling.matrix{1,3}= 1e6*[2.9344 -4.5185 1.3213;-4.5185 3.269 -1.461;1.3213 ...
		    -1.461 -1.4673];  %8.3692549
inter.coupling.matrix{1,4}= 1e6*[-1.9265 1.2732 -3.1745;1.2732 -1.9752 ...
		    -2.6982;-3.1745 -2.6982 4.0574];  %7.8760939
inter.coupling.matrix{1,5}= 1e6*[-2.7444 0.6486 1.8545;0.6486 -2.4211 2.6423;1.8545 ...
		    2.6423 4.8161];  %7.6335758
inter.coupling.matrix{1,6}= 1e6*[0.6424 -1.7253 -3.3048;-1.7253 -1.7974 ...
		    1.7104;-3.3048 1.7104 1.2573];  %6.2347246
inter.coupling.matrix{1,7}= 1e6*[3.0607 1.4046 -2.2952;1.4046 -1.7594 -0.623; ...
		    -2.2952 -0.623 -1.2986];  %5.422885
inter.coupling.matrix{1,8}= 1e6*[1.5775 -3.0107 -1.0758;-3.0107 0.4269 ...
		    0.7509;-1.0758 0.7509 -1.5555];  %5.1634632
inter.coupling.matrix{1,9}= 1e6*[-0.7034 2.0049 1.7965;2.0049 0.5546 2.3335;1.7965 ...
		    2.3335 0.054];  %5.1175957
inter.coupling.matrix{1,10}=1e6*[2.0558 2.4921 -0.577;2.4921 -0.274  -0.2819;-0.577 -0.2819 -1.7642];  %4.5452953
inter.coupling.matrix{1,11}=1e6*[0.3156 -2.1154 1.4221;-2.1154 0.2562 -1.1167;1.4221 -1.1167 -0.7611];  %4.0290351
inter.coupling.matrix{1,12}=1e6*[2.6331 -1.233 0.5988;-1.233 -1.3183 -0.1053;0.5988 -0.1053 -1.8869];  %4.0014246


% Set the sequence parameters
parameters.offset=0;
parameters.sweep=1e9;
parameters.npoints=1024;
parameters.zerofill=2048;
parameters.spins='E';
parameters.axis_units='Gauss';
parameters.derivative=0;

% Run Spinach
spin_system=create(sys,inter);
spin_system=basis(spin_system,bas);
fid=pulse_acquire(spin_system,parameters);

% Apodization
fid=apodization(fid,'crisp-1d');

% Perform Fourier transform
spectrum=fftshift(fft(fid,parameters.zerofill));

% export the spectrum
%export_1d(spin_system,real(spectrum),parameters);
%spectrum=real(spectrum);

%Compute the derivative if necessary
if isfield(parameters,'derivative')
spectrum=fft(ifft(spectrum).*fftdiff(parameters.derivative,length(spectrum),1)');
end

ax=axis_1d(spin_system,parameters);
data = cat(2, transpose(ax), real(spectrum));
save('OUTPUTFILENAME.dat','data', '-ASCII');

%matlabpool close
